1865353
0005685642
0001395602
06541842
QG00055717
0009095934
06492644
QG00056697
QG00056779
1658802
K00932348
0002720321
QG00057533
K00882053
06239047
0007879028
0001744805
0000304847
0009065600
0007411236
0009084051
M01513211
0001945496
0007946546
V17593952
P08693835
0009089762
K04419066
0009057884
2324353
05143379
0009064000
0009064069
0002598946
QG00057354
782251
0000780073
0000475403
5002623791
06544795
0009084146
902518
0008806983
0007400446
06537168
K09262707
0008274572
QG00057444
0009097205
0009092567
0003357003
h202009090638
1857802
V18407592
K07236193
P08606033
03356216
0002679769
06544580
06495132
C01132096
06494582
0008248086
QG00040000
0004421313
0009084147
06492312
J02554240
K04878334
06495162
K02304484
0009064097
0005143700
605427
06543416
0001383603
D00492898
06520390
J00884916
H2009101948
06537737
1757906
JR1010424
06393870
2435538
H03500258
2485522
QG00057162
J05466940
6015205534
P04183571
0003605299
K0178827X
06262341
0000902388
06417248
06240201
F501AFDFX
K00118864
783970
1
2
3
4
5
6
7
8
9
10
11
12
13
14
15
16
17
18
19
20
21
22
23
24
25
26
27
28
29
30
31
32
33
34
35
36
37
38
39
40
41
42
43
44
45
46
47
48
49
50
0008700493
0001888601
0008739940
0007582662
0007654645
0003131365
0005996455
0005034866
0008700230
0002950581
0008691167
1447794
0008746164
0004224954
0008679836
0008677777
H1912150056
2273202
0008670401
0008708244
0008690675
0004893210
0008690995
1344091
0004280572
0008706603
0006023812
0008681999
0008686504
0004992567
0001758482
0008442828
0008708249
0008557929
0008690650
0008101844
0008430398
0008655846
900924
0008690781
0008706523
0008741439
0008683445
0004307406
0008706584
0005697194
0008704523
0008731350
H201911051242
0006798806
